#                                                    ICRS 2000.0 coordinates*
#             M sin i    Per    a          K   Mstar -------------+----------
#             (Mjup)     (d)  (AU)   e   (m/s) (suns)     R.A.    |    Dec
#-----------------------------------------------------------------+----------
  0 hd73256    1.85    2.548 0.037 0.04 267.0  1.05 |  8 36 23.0 | -30  02  15
  1 hd83443    0.41    2.985 0.04  0.05  58.0  0.79 |  9 37 11.8 | -43  16  19
  2 hd46375    0.25    3.024 0.04  0.04  34.5  1.00 |  6 33 12.6 |   5  27  47
  3 hd179949   0.98    3.093 0.04  0.00 118.0  1.24 | 19 15 33.2 | -24  10  45
  4 hd187123   0.51    3.097 0.04  0.02  68.0  1.06 | 19 46 58.1 |  34  25  10
  5 tauboo     4.13    3.312 0.05  0.01 471.4  1.30 | 13 47 16.0 |  17  27  24
  6 bd-103166  0.48    3.488 0.05  0.07  59.9  1.10 | 10 58 28.8 | -10  46  13
  7 hd75289    0.44    3.509 0.05  0.01  53.5  1.15 |  8 47 41.0 | -41  44  14
  8 hd209458   0.67    3.525 0.05  0.03  86.5  1.05 | 22  3 10.8 |  18  53   4
  9 hd76700    0.19    3.971 0.05  0.00  25.0  1.00 |  8 53 55.0 | -66  48   4
 10 51peg      0.46    4.231 0.05  0.01  55.0  1.06 | 22 57 27.9 |  20  46   7
 11 upsandb    0.69    4.617 0.059 0.01  70.2  1.30 |  1 36 48.0 |  41  24  23
 12 hd49674    0.11    4.950 0.06  0.00  13.1  1.00 |  6 51 30.5 |  40  52   5
 13 hd68988    1.92    6.276 0.07  0.15 189.7  1.20 |  8 18 22.0 |  61  27  38
 14 hd168746   0.23    6.403 0.065 0.08  27.0  0.92 | 18 21 49.8 | -11  55  21
 15 hd217107   1.30    7.126 0.07  0.14 140.2  0.98 | 22 58 15.5 |  -2  23  43
 16 hd162020   14.4    8.428 0.074 0.28 813.0  0.70 | 17 50 38.4 | -40  19   6
 17 hd130322   1.02   10.720 0.088 0.04 115.0  0.89 | 14 47 32.8 |  -0  16  52
 18 hd108147   0.40   10.890 0.104 0.40  27.3  1.20 | 12 25 46.0 | -64   1  22
 19 hd38529b   0.78   14.310 0.129 0.28  54.7  1.39 |  5 46 35.0 |   1  10   7
 20 55cncb     0.84   14.653 0.115 0.02  72.2  1.03 |  8 52 36.1 |  28  19  53
 21 gj86       4.01   15.766 0.11  0.04 375.9  0.86 |  2 10 25.6 | -50  49  28
 22 hd195019   3.57   18.203 0.14  0.02 271.4  1.02 | 20 28 18.6 |  18  46  10
 23 hd6434     0.48   22.090 0.15  0.30  37.0  0.99 |  1  4 40.2 | -39  29  18.0
 24 hd192263   0.75   24.330 0.15  0.03  50.5  0.79 | 20 13 59.9 |   0  52   3
 25 gj876c     0.56   30.120 0.13  0.27  81.0  0.32 | 22 53 16.7 | -14  15  49
 26 rhocrb     1.04   39.845 0.22  0.04  64.2  0.95 | 16  1  2.8 |  33  18  19
 27 55cncc     0.21   44.280 0.24  0.34  13.0  1.03 |  8 52 36.1 |  28  19  53
 28 hd74156b   1.61   51.522 0.28  0.65 112.0  1.05 |  8 42 25.1 |   4  34  43
 29 hd168443b  7.73   58.100 0.295 0.53 472.7  1.01 | 18 20  4.0 |  -9  35  46
 30 gj876b     1.89   61.020 0.21  0.10 210.0  0.32 | 22 53 16.7 | -14  15  49
 31 hd3651     0.20   62.230 0.284 0.63  15.9  0.79 |  0 39 11.8 |  21  15   1
 32 hd121504   0.89   64.600 0.32  0.13  45.0  1.02 | 13 57 17.2 | -56   2  24
 33 hd178911   6.46   71.500 0.326 0.14 343.0  0.90 | 19  9  3.1 |  34  35  59
 34 hd16141    0.23   75.560 0.35  0.21  11.2  1.00 |  2 35 19.9 |  -3  33  38
 35 hd114762  11.03   83.895 0.35  0.34 616.7  0.82 | 13 12 20.1 |  17  31   2
 36 hd80606    3.90  111.810 0.469 0.93 411.0  0.90 |  9 22 37.5 |  50  36  13
 37 70vir      7.44  116.689 0.48  0.40 315.2  1.10 | 13 28 26.0 |  13  46  49
 38 hd216770   0.70  118.000 0.46  0.32  33.0  0.90 | 22 55 53.7 | -26  39  32
 39 hd52265    1.00  119.100 0.49  0.19  38.8  1.13 |  7  0 18.0 |  -5  22   1
 40 hd1237     3.45  133.800 0.505 0.51 164.0  0.96 |  0 16 12.7 | -79  51   4
 41 hd37124b   0.72  153.000 0.54  0.10  28.8  0.91 |  5 37  2.5 |  20  43  50
 42 hd73526    2.98  184.108 0.65  0.44 114.8  1.02 |  8 37 17.0 | -41  19  10
 43 hd104985   6.3   198.200 0.78  0.03   0.0  1.50 | 12  5 15.1 |  76  54  21
 44 hd82943c   0.88  221.600 0.728 0.54  34.0  1.05 |  9 34 50.7 | -12   7  45
 45 hd8574     2.04  228.180 0.77  0.31  64.0  1.10 |  1 25 12.4 |  28  34   2
 46 hd169830   2.94  229.900 0.82  0.35  83.0  1.40 | 18 27 49.5 | -29  49   1
 47 upsandc    1.89  241.500 0.829 0.28  53.9  1.30 |  1 36 48.0 |  41  24  23
 48 hd202206  17.5   256.003 0.83  0.43 564.8  0.90 | 21 14 57.8 | -20  47  21
 49 hd89744    7.99  256.605 0.89  0.67 275.3  1.40 | 10 22 10.7 |  41  13  48
 50 hd134987   1.55  258.499 0.81  0.25  49.3  1.05 | 15 13 28.6 | -25  18  34
 51 hd12661b   2.3   263.000 0.82  0.33  75.0  1.07 |  2  4 34.4 |  25  24  53
 52 hd150706   1.0   264.900 0.82  0.38  33.0  0.98 | 16 31 18.0 |  79  47  23
 53 hd40979    3.32  267.200 0.811 0.23 108.0  1.08 |  6  4 29.9 |  44  15  39
 54 hd17051    1.94  311.288 0.91  0.24  58.8  1.03 |  2 42 33.2 | -50  48   3
 55 hd92788    3.31  327.393 0.95  0.33  98.6  1.07 | 10 42 48.5 |  -2  10  59
 56 hd142      1.07  331.872 0.97  0.37  31.6  1.10 |  0  6 19.0 | -49   4  30
 57 hd28185    5.7   383.000 1.03  0.07 161.0  0.99 |  4 26 26.3 | -10  33   3
 58 hd142415   1.73  388.000 1.07  0.50  52.0  1.03 | 15 57 40.8 | -60  12   1
 59 hd108874   1.78  397.428 1.06  0.14  49.6  1.01 | 12 30 26.8 |  22  52  48
 60 hd4203     1.65  400.944 1.09  0.46  49.3  1.06 |  0 44 41.1 |  20  26  57
 61 hd177830   1.52  408.377 1.14  0.10  37.7  1.17 | 19  5 20.8 |  25  55  15
 62 hd128311   2.58  420.514 1.02  0.30  84.9  0.80 | 14 36  0.4 |   9  44  50
 63 hd27442    1.28  423.841 1.18  0.07  30.7  1.20 |  4 16 28.9 | -59  18   7
 64 hd210277   1.30  434.289 1.12  0.46  39.5  0.99 | 22  9 29.9 |  -7  32  55
 65 hd82943b   1.63  444.600 1.16  0.41  46.0  1.05 |  9 34 50.7 | -12   7  45
 66 hd19994    2.0   454.0   1.3   0.2   45.0  1.35 |  3 12 46.4 |  -1  11  46  
 67 hd20367    1.17  469.500 1.25  0.32  29.0  1.12 |  3 17 40.0 |  31   7  37
 68 hd114783   1.05  494.665 1.19  0.09  28.5  0.92 | 13 12 43.9 |  -2  15  54
 69 hip75458   8.47  510.833 1.28  0.72 299.4  1.05 | 15 24 55.7 |  58  57  58
 70 hd147513   1.0   540.400 1.26  0.52  31.0  0.92 | 16 24  1.0 | -39  11  35
 71 hd222582   5.11  572.000 1.35  0.76 191.3  1.00 | 23 41 51.5 |  -5  59   9
 72 hd65216    1.33  578.000 1.31  0.29  37.0  0.92 |  7 53 41.3 | -63  38  50
 73 hd141937   9.7   653.220 1.52  0.41 234.5  1.00 | 15 52 17.5 | -18  26  10
 74 hd41004A   2.3   655.000 1.31  0.39  74.0  0.70 |  5 59 49.6 | -48  14  23
 75 hd160691   1.87  664.192 1.87  0.26  42.8  1.08 | 17 44  8.0 | -51  50   3
 76 hd23079    2.61  738.459 1.65  0.10  55.3  1.10 |  3 39 43.0 | -52  54  57
 77 16cygb     1.69  798.938 1.67  0.67  51.2  1.01 | 19 41 52.1 |  50  31   5
 78 hd4208     0.80  812.197 1.67  0.05  18.2  0.93 |  0 44 26.6 | -26  30  57
 79 hd114386   0.99  872.000 1.62  0.28  27.0  0.75 | 13 10 40.0 | -35   3  17
 80 hd213240   4.5   951.000 2.03  0.45  91.0  1.22 | 22 31  0.0 | -49  26   0
 81 hd10697    6.12 1077.906 2.13  0.11 114.2  1.10 |  1 44 55.8 |  20   4  58
 82 47umab     2.54 1089.000 2.09  0.06  49.3  1.03 | 10 59 28.2 |  40  25  48
 83 hd190228   3.53 1121.000 2.0   0.50  90.0  1.20 | 20  3  0.8 |  28  18  25
 84 hd114729   0.82 1131.478 2.08  0.31  17.6  0.93 | 13 12 44.3 | -31  52  24
 85 hd111232   7.8  1138.000 2.07  0.25 168.0  0.78 | 12 48 51.8 | -68  25  31
 86 hd2039     4.85 1192.582 2.19  0.68 127.8  0.98 |  0 24 20.0 | -56  39   0
 87 hd136118  12.08 1208.724 2.40  0.36 212.9  1.24 | 15 18 55.5 |  -1  35  33
 88 hd50554    3.92 1249.590 2.32  0.50  81.9  1.06 |  6 54 42.9 |  24  14  45
 89 upsandd    3.75 1284.000 2.53  0.27  61.1  1.30 |  1 36 48.0 |  41  24  23
 90 hd196050   2.73 1316.236 2.43  0.21  48.5  1.10 | 20 37 52.0 | -60  38   3
 91 hd216437   1.98 1331.703 2.43  0.36  37.5  1.07 | 22 54 39.4 | -70   4  25
 92 hd216435   1.49 1442.919 2.7   0.34  24.5  1.25 | 22 53 37.9 | -48  35  53
 93 hd169830c  2.33 1487.000 2.75  0.00  36.0  1.40 | 18 27 49.5 | -29  49   1
 94 hd106252   6.81 1503.610 2.54  0.57 150.4  0.96 | 12 13 29.5 |  10   2  32
 95 hd12661c   1.5  1530.000 2.6   0.20  27.0  1.07 |  2  4 34.4 |  25  24  53
 96 hd23596    8.1  1548.000 2.86  0.30 126.0  1.29 |  3 48  0.0 |  40  31  50
 97 hd37124c   1.3  1595.000 2.5   0.69  32.4  0.91 |  5 37  2.5 |  20  43  50
 98 hd168443c 17.2  1770.000 2.87  0.20 289.0  1.01 | 18 20  4.0 |  -9  35  46
 99 hd145675   4.89 1773.079 2.85  0.38  88.8  1.00 | 16 10 24.3 |  43  49   4
100 hd39091   10.35 2063.818 3.29  0.62 196.9  1.10 |  5 37  9.0 | -80  28   9
101 hd38529c  12.8  2207.400 3.71  0.33 169.1  1.39 |  5 46 35.0 |   1  10   7
102 hd70642    2.0  2231.000 3.3   0.10  32.0  1.00 |  8 21 28.1 | -39  42  19
103 hd33636    9.28 2447.292 3.56  0.53 164.5  0.99 |  5 11 46.0 |   4  24  13
104 47umac     0.76 2594.000 3.73  0.10  11.1  1.03 | 10 59 28.2 |  40  25  48
105 hd190360   1.15 2613.000 3.65  0.00  17.5  0.90 | 20  3 37.0 |  29  53  49
106 hd74156c   8.21 2650.000 3.82  0.35 125.0  1.05 |  8 42 25.1 |   4  34  43
107 hr1084     0.92 2675.000 3.40  0.28  13.7  0.75 |  3 32 56.4 |  -9  27  30
108 hd30177    9.17 2819.654 3.86  0.30 142.2  0.95 |  4 41 54.0 | -58   1  15
109 hd72659    3.0  3537.154 4.5   0.26  42.3  0.95 |  8 34  3.0 |  -1  34   7
110 55cncd     4.05 5360.000 5.9   0.16  49.3  1.03 |  8 52 36.1 |  28  19  53
900 hd88133    0.22    3.410 0.047 0.00  43.0  1.20 | 10 10 07.7 |  18  11  12
901 hd330075   0.76    3.369 0.043 0.00 106.8  0.95 | 15 49 37.7 | -49  57  48 
#             M sin i    Per    a          K   Mstar -------------+----------
#             (Mjup)     (d)  (AU)   e   (m/s) (suns)     R.A.    |    Dec

